0.0 0.0 0.0 0.0 0.0 0.0
0.12 0.12 0.0 0.0 0.0 0.0
0.0 0.0 0.0 0.0 0.0 0.0
0.0 0.0 0.0 0.0 0.0 0.0
0.12 -0.12 0.0 0.0 0.0 0.0
0.0 0.0 0.0 0.0 0.0 0.0
/-----------------------------------
0.0 0.0 0.0 0.0 0.0 -0.3
0.1 0.1 0.02 0.0 0.0 0.0
0.0 0.0 0.0 0.0 0.0 0.0
0.0 0.0 0.0 0.0 0.0 0.0
0.13 -0.13 0.0 0.0 0.0 0.0
0.0 0.0 0.0 0.0 0.0 0.0
/-----------------------------------
0.0 0.0 0.0 0.0 0.0 0.0
0.15 0.15 0.1 0.0 0.0 0.0
0.0 0.0 0.0 0.0 0.0 0.0
0.0 0.0 0.0 0.0 0.0 0.0
0.13 -0.13 0.05 0.0 0.0 0.0
0.0 0.0 0.0 0.0 0.0 0.0
/-----------------------------------
0.0 0.0 0.0 0.0 0.0 0.5
0.15 0.15 0.1 0.0 0.0 0.0
0.0 0.0 0.0 0.0 0.0 0.0
0.0 0.0 0.0 0.0 0.0 0.0
0.13 -0.13 0.05 0.0 0.0 0.0
0.0 0.0 0.0 0.0 0.0 0.0
/-----------------------------------
